60 61 61 62 62 62 62 62 62 62 64 65 65 65 65 65 65 66 66 65 66 66 67 67 59 60 54 55 55 58 60 58 58 63 67 66 66 66 68 68 68 65 67 67 68 69 68 69 69 68 68 67 68 67 68 67 67 67 67 67 67 66 66 66 
61 61 62 62 62 62 62 63 64 64 64 65 65 65 66 66 67 67 67 67 67 67 67 64 59 56 56 62 59 61 61 58 57 64 64 63 62 63 64 65 66 66 65 68 68 67 69 69 69 69 69 68 69 68 69 68 68 68 68 67 67 67 67 67 
62 62 62 63 63 64 64 64 65 65 65 65 65 66 67 67 67 67 67 67 67 67 68 65 60 54 58 59 62 63 62 61 55 59 59 52 48 53 56 58 61 65 61 64 66 65 70 70 70 70 69 69 69 69 69 69 69 69 68 69 68 68 68 67 
62 62 62 63 64 65 65 65 65 65 65 65 66 67 67 67 67 67 67 67 68 68 69 66 58 50 54 60 59 61 62 59 50 38 40 37 35 43 49 56 59 60 56 57 64 68 70 70 70 70 70 70 70 70 69 69 69 69 69 69 68 69 68 68 
62 62 63 63 64 65 65 65 66 65 65 66 67 67 67 67 67 67 67 67 69 69 67 63 56 46 47 53 45 51 57 50 32 33 34 37 42 35 34 36 41 50 43 49 57 62 66 66 69 69 70 70 70 70 70 70 69 69 69 69 69 69 69 69 
62 63 64 64 64 65 65 65 66 66 66 67 67 67 68 68 67 67 66 69 67 58 51 46 40 38 40 39 36 43 50 35 31 30 29 30 29 28 29 31 32 33 34 37 37 36 42 51 60 67 69 70 70 70 70 70 70 70 69 69 69 69 69 69 
62 63 64 64 65 65 65 65 65 66 67 67 67 67 68 69 68 68 67 65 48 35 30 29 29 32 33 34 34 35 37 42 37 29 28 28 27 27 27 29 30 35 34 34 39 33 33 36 46 60 69 70 71 71 70 70 70 70 70 70 70 69 69 69 
63 65 65 65 65 65 65 66 66 67 67 67 67 68 69 69 69 69 64 48 30 30 33 34 37 36 38 36 42 33 33 34 31 29 28 28 27 27 28 30 34 35 38 36 32 32 34 37 43 48 66 71 72 71 70 70 70 70 70 70 70 70 70 69 
64 65 65 65 65 65 66 67 67 67 67 67 67 68 69 69 69 63 43 34 33 38 37 37 41 44 45 38 33 35 37 34 32 30 30 29 28 28 31 37 40 34 30 32 31 29 31 39 43 45 52 67 71 72 71 70 71 70 70 70 70 70 70 70 
64 65 65 66 66 65 66 67 67 67 67 67 67 69 69 68 63 39 32 39 39 39 36 36 43 45 48 47 42 39 40 39 43 37 33 30 30 30 30 36 34 30 32 32 29 28 28 31 32 35 37 52 70 71 72 72 72 71 71 70 70 70 70 70 
64 65 65 66 67 66 67 67 67 67 67 67 68 69 68 62 40 32 36 39 33 32 32 39 43 41 41 47 51 43 40 36 44 48 42 33 33 31 32 36 38 38 36 34 33 33 30 29 29 30 32 31 52 67 71 72 72 71 71 70 70 70 70 70 
65 64 66 66 67 67 67 67 67 67 67 68 69 67 60 42 33 36 43 42 36 34 35 36 36 40 47 49 52 45 42 36 35 34 40 45 43 42 42 42 49 50 46 46 40 41 42 37 34 33 34 29 34 58 68 71 72 72 71 70 70 71 69 62 
65 65 67 67 67 67 67 68 68 67 68 68 66 58 40 29 33 35 38 35 35 37 40 44 44 39 51 58 54 44 38 34 40 53 73 71 67 66 56 62 69 50 54 53 51 56 48 47 47 42 38 30 30 40 64 70 72 72 72 70 70 69 65 86 
65 66 67 67 67 67 68 68 68 68 69 67 59 40 28 29 30 30 33 36 37 41 54 56 44 48 54 58 57 44 36 39 63 76 78 73 73 57 67 79 67 55 47 52 50 48 47 41 40 39 30 31 33 30 43 63 71 71 70 70 69 69 92 75 
65 66 66 67 67 67 68 67 67 68 69 66 46 31 27 28 29 29 33 35 45 53 54 53 52 62 55 61 51 41 41 60 76 83 79 78 76 54 71 75 64 57 43 46 48 38 45 35 39 35 30 35 38 33 31 49 65 70 70 71 86 85 66 62 
65 65 66 67 67 67 68 68 68 68 69 64 35 27 27 28 29 33 35 37 49 64 66 74 85 80 82 73 73 47 52 70 72 84 91 79 75 57 79 72 71 61 49 44 53 38 41 34 40 34 33 42 38 34 31 36 57 68 70 77 78 61 61 67 
65 65 66 67 66 67 68 68 68 68 68 62 31 26 27 29 33 36 45 64 75 76 93 106 104 106 111 88 107 83 68 55 68 88 103 90 80 67 89 73 78 63 50 46 52 40 41 36 40 31 33 38 32 35 32 28 44 67 65 60 59 60 67 76 
65 66 66 67 66 67 67 68 68 68 68 57 29 27 29 38 57 85 116 117 108 109 130 130 126 138 117 124 140 127 107 81 61 73 79 69 73 82 104 81 83 76 49 50 47 43 41 34 41 33 33 35 30 37 33 28 34 60 59 60 62 63 81 78 
65 66 66 67 67 67 67 68 69 69 68 46 28 36 66 103 124 136 141 139 134 144 154 153 146 145 144 157 157 158 147 138 119 105 96 96 109 101 112 97 101 85 58 57 54 44 35 33 37 32 33 33 32 38 31 30 31 42 59 64 63 70 88 91 
65 65 67 67 67 67 67 68 69 69 66 36 36 72 107 127 140 149 153 153 155 161 166 163 157 161 169 172 169 172 168 168 163 150 148 144 140 127 118 117 114 89 76 76 64 54 43 33 31 31 31 33 33 32 30 30 32 38 58 62 67 79 79 88 
65 65 66 66 67 67 67 68 68 69 66 38 49 91 119 136 148 154 160 159 162 167 168 172 170 170 176 179 176 180 179 178 179 172 167 163 155 146 133 130 126 97 87 84 73 64 52 42 43 41 33 32 32 29 29 29 32 37 54 62 76 80 78 82 
65 65 65 66 67 67 67 68 67 68 66 56 64 105 130 145 152 156 165 168 166 168 170 173 175 180 184 185 183 186 187 187 186 184 177 173 166 156 147 142 137 113 104 86 79 68 58 49 48 43 36 32 32 30 28 29 34 37 51 77 87 81 82 81 
65 65 65 67 67 67 67 67 67 67 68 49 73 115 139 151 157 161 168 170 172 174 176 178 183 186 189 191 189 192 193 194 192 188 183 178 171 163 159 152 144 131 117 100 76 72 66 55 50 40 36 32 32 29 28 30 32 34 46 105 153 110 86 81 
65 65 65 66 66 67 67 67 67 67 67 53 81 123 144 154 160 163 169 171 174 178 181 184 187 189 192 193 192 195 198 198 194 189 184 180 173 168 163 156 149 143 121 108 82 77 67 62 53 49 37 31 34 32 30 33 31 32 42 75 127 159 140 90 
65 65 65 65 65 66 67 67 67 67 67 56 86 125 145 156 162 164 169 171 177 181 184 186 189 191 194 195 196 196 198 196 193 187 184 179 175 171 165 158 152 144 127 111 98 83 67 72 64 50 40 33 32 32 37 34 33 32 42 68 80 107 149 157 
64 65 65 65 66 67 67 67 67 67 66 58 85 121 143 156 163 167 168 170 177 180 186 187 190 192 195 198 199 199 198 194 190 185 180 178 175 171 165 159 153 146 136 117 108 86 77 81 70 45 40 40 32 33 36 32 37 35 41 68 83 82 92 127 
64 65 65 66 67 67 67 66 66 66 64 56 82 116 141 155 163 168 168 171 178 183 187 188 189 193 196 199 200 200 198 194 189 185 178 175 175 170 166 161 157 150 140 127 115 92 88 78 64 44 40 43 35 34 33 32 40 35 43 73 79 84 84 86 
64 65 65 66 67 67 67 66 65 65 61 55 84 118 137 155 164 170 171 175 181 186 189 189 192 195 197 200 201 200 198 193 190 184 178 176 173 168 165 162 158 153 142 137 124 100 97 80 63 44 42 41 37 37 33 33 46 37 47 76 82 78 79 82 
64 65 65 65 67 66 66 65 65 66 60 56 98 122 135 151 162 167 170 175 181 187 190 190 192 195 197 198 200 199 198 196 192 188 181 173 172 166 163 165 162 157 147 139 126 113 102 82 65 42 38 42 38 39 33 34 53 41 51 80 86 86 83 80 
64 65 65 65 67 66 66 66 66 65 58 61 93 109 121 137 146 157 164 172 179 185 187 189 191 192 191 192 195 195 196 196 195 190 185 176 169 166 166 169 165 161 150 146 134 124 107 90 64 42 40 44 38 36 35 35 44 44 56 81 86 84 85 81 
65 65 65 65 66 65 66 66 66 63 52 55 62 66 92 113 121 142 157 168 175 182 185 185 184 178 177 179 184 187 187 190 193 191 186 179 171 167 169 172 169 164 156 152 142 131 115 95 69 51 43 43 39 34 36 34 38 42 63 83 83 84 83 84 
64 65 65 65 65 65 66 66 66 61 49 72 95 106 118 128 126 133 154 167 173 179 185 183 171 158 146 134 141 160 171 176 180 184 184 177 170 167 169 173 172 170 165 160 148 137 123 109 75 60 49 54 38 32 38 35 38 44 69 80 81 85 84 86 
63 64 65 65 65 65 66 66 66 59 57 95 96 107 115 135 141 137 151 166 174 182 187 185 174 166 157 149 132 112 126 144 164 172 173 173 171 168 168 172 175 173 169 165 154 139 135 120 85 68 63 61 39 35 37 34 37 45 82 96 87 84 84 84 
63 64 65 65 65 65 66 66 65 59 60 90 66 53 52 75 126 141 148 163 174 184 189 191 185 176 171 169 166 160 151 141 156 165 157 153 161 168 167 171 173 170 168 164 154 142 139 120 91 64 77 68 40 39 45 36 37 45 81 81 82 81 86 83 
63 65 65 65 65 65 65 66 66 63 66 83 56 71 40 39 94 138 141 158 176 189 194 195 189 180 175 162 139 125 128 150 166 170 161 147 144 157 170 173 173 170 167 163 156 147 138 122 95 64 80 62 44 43 44 40 45 46 67 71 76 79 84 82 
63 64 65 65 65 65 65 66 66 65 70 87 75 67 43 53 165 172 138 149 176 193 199 197 190 180 168 122 74 56 65 104 142 165 176 169 155 148 165 174 174 170 165 161 157 148 138 117 100 65 72 51 48 43 36 36 39 47 66 70 69 77 83 79 
63 64 64 65 65 65 66 65 65 66 83 126 134 129 125 131 161 167 151 141 175 196 202 199 195 185 165 124 53 46 77 126 129 136 163 178 177 168 165 174 176 172 167 160 152 143 129 113 90 64 66 44 41 44 37 33 36 57 85 77 74 82 79 79 
62 64 65 65 65 65 65 65 66 67 104 147 154 154 159 165 175 174 145 141 177 197 202 201 200 195 165 132 83 76 108 141 154 112 141 176 182 178 176 177 175 174 171 161 147 132 117 102 70 70 52 41 41 48 43 33 36 57 74 77 73 78 74 77 
62 64 65 65 65 65 66 66 66 70 116 156 161 157 158 165 169 153 131 148 177 191 197 198 199 195 179 162 158 164 176 180 181 177 164 171 180 182 183 180 179 176 172 162 146 126 110 86 66 56 59 105 134 103 75 42 40 100 86 77 77 73 74 83 
63 64 64 65 65 65 66 67 66 76 121 156 165 164 164 161 154 136 132 161 177 185 190 195 195 195 186 172 172 182 190 193 196 196 194 188 185 185 185 183 179 175 171 162 147 121 96 82 66 98 144 175 161 128 97 71 39 97 126 82 77 73 77 88 
63 65 65 65 65 65 66 66 67 78 129 162 170 170 167 164 157 129 154 175 183 182 185 193 196 193 191 186 181 183 189 191 195 200 200 195 190 187 185 183 178 173 171 162 146 119 87 91 131 166 164 155 162 142 116 92 41 60 101 88 78 81 77 88 
63 64 65 65 65 65 65 65 65 88 145 167 174 177 179 181 161 138 173 185 188 183 181 193 201 197 192 187 185 185 188 195 199 202 201 196 192 189 184 180 174 171 168 160 144 120 104 132 160 157 152 188 191 151 142 120 41 47 83 109 76 81 82 81 
63 64 64 65 65 65 65 65 65 108 156 171 180 186 189 185 142 150 183 200 198 181 174 183 198 198 192 186 183 189 190 195 200 201 199 196 194 190 183 175 169 166 166 158 143 124 117 139 143 132 167 185 184 152 149 105 41 42 67 104 84 84 91 85 
62 64 64 65 65 65 65 65 67 119 160 174 184 191 189 173 137 152 181 197 202 190 179 176 184 192 190 188 189 194 197 198 199 199 196 195 194 188 181 172 164 162 163 153 137 122 126 139 121 145 169 153 169 157 147 73 35 45 58 111 93 86 88 75 
62 63 64 64 65 65 65 66 69 120 159 175 185 192 187 169 127 136 165 178 181 188 191 182 174 181 180 187 193 200 204 204 201 198 195 193 192 187 179 170 160 158 157 145 132 126 144 157 139 174 188 174 166 158 136 42 40 40 55 111 145 91 66 65 
62 64 64 64 65 65 65 66 67 113 156 173 182 186 181 170 145 124 140 155 159 171 166 162 168 182 169 180 193 203 208 208 204 201 197 192 189 188 180 168 159 154 151 139 130 130 150 162 163 189 200 180 174 162 98 36 38 38 55 93 149 119 43 43 
63 64 64 64 65 65 65 65 66 104 150 169 175 172 164 156 146 144 162 169 174 185 186 181 190 196 178 168 186 199 206 210 207 203 197 192 187 186 181 168 159 153 147 138 132 135 142 149 167 173 190 173 170 151 50 33 43 46 60 81 97 78 36 35 
62 63 64 64 65 65 65 65 64 94 141 161 169 166 145 141 146 151 169 177 171 183 188 191 196 199 193 163 176 192 201 207 206 202 194 191 189 186 182 169 158 152 144 134 130 136 139 156 180 176 170 177 166 115 34 35 48 46 69 80 74 41 35 35 
62 62 62 63 65 65 65 65 62 86 136 160 169 161 125 127 136 144 163 168 165 181 188 191 193 197 196 171 163 184 195 201 201 197 193 190 188 186 180 167 155 148 138 126 128 144 177 195 194 182 162 171 148 54 32 36 53 76 82 78 56 34 35 34 
62 62 62 63 64 65 65 64 60 83 134 164 177 173 132 104 92 94 120 142 150 169 183 188 192 193 192 179 155 172 187 196 195 192 190 188 188 186 178 166 155 145 134 122 134 172 184 190 189 185 165 134 64 33 38 59 78 85 80 59 36 34 35 35 
62 62 62 63 64 65 65 64 59 69 127 162 183 187 171 125 88 75 67 93 111 122 133 151 167 171 173 170 154 154 176 189 191 188 184 186 189 187 178 166 155 142 126 119 143 190 189 185 181 172 127 51 32 36 50 71 79 82 70 39 34 34 35 36 
62 62 62 63 64 65 65 64 58 54 107 154 179 190 180 138 108 103 101 109 132 151 144 128 122 111 126 136 131 138 160 180 188 185 180 185 189 187 177 166 152 135 115 102 116 159 175 174 154 104 44 34 39 43 62 84 80 74 50 34 34 35 35 36 
61 62 62 63 64 64 65 63 56 49 72 131 164 179 174 137 122 117 118 125 126 129 132 130 132 131 133 136 147 162 156 176 186 186 185 188 188 184 173 162 145 123 100 97 126 103 75 73 49 33 32 36 56 59 70 91 82 65 36 34 35 35 35 36 
60 61 62 63 63 64 64 61 54 47 43 89 141 164 163 144 121 131 139 142 140 138 139 143 166 176 172 173 180 187 168 174 184 186 187 188 185 176 166 154 134 110 93 115 122 82 39 31 31 35 36 43 70 69 71 81 80 46 35 35 35 35 35 35 
60 62 62 62 62 63 63 59 52 44 37 44 97 140 152 146 136 131 140 150 158 158 160 165 174 178 176 174 185 192 178 166 175 178 181 181 176 168 157 142 121 98 109 127 105 48 32 32 31 34 47 63 70 79 77 78 69 36 35 35 35 35 35 36 
60 61 62 62 62 62 62 58 51 44 37 34 44 92 128 136 145 148 150 157 157 159 162 167 168 167 171 178 189 190 187 168 165 168 170 169 166 157 145 129 104 108 129 122 73 44 37 37 42 47 63 68 72 81 78 69 52 35 35 35 35 35 36 36 
60 60 61 62 62 62 62 58 51 44 37 36 72 81 74 108 136 157 162 172 175 178 175 178 182 181 188 191 193 191 188 179 166 160 157 154 151 144 130 109 112 136 134 103 91 97 82 60 70 75 75 73 108 85 76 55 35 35 35 35 35 35 36 35 
60 60 61 61 62 62 62 58 51 44 44 104 161 98 69 84 107 151 165 174 182 187 190 195 192 190 193 191 187 183 180 172 160 152 147 143 137 121 107 124 144 144 125 85 110 127 122 105 74 76 88 78 132 111 74 39 35 35 36 35 36 35 35 35 
60 60 60 60 61 62 62 59 52 56 132 189 168 78 98 143 95 128 162 173 176 185 190 195 195 193 190 182 174 164 155 147 141 137 126 118 109 115 138 152 154 139 102 101 110 109 129 138 121 69 109 141 128 145 79 44 40 36 35 36 36 35 35 35 
60 60 60 60 62 67 73 62 56 131 198 205 165 81 88 132 112 87 139 162 172 179 183 186 189 183 174 160 139 130 127 124 118 113 112 118 132 149 160 159 146 117 105 117 124 121 124 144 140 87 94 190 191 152 66 90 98 57 36 36 35 35 35 35 
60 60 60 66 89 106 123 104 71 158 200 193 163 90 105 144 130 107 94 134 158 171 179 178 170 160 142 129 130 127 120 118 121 126 131 141 154 161 163 155 132 109 122 131 133 130 130 145 143 97 78 173 184 152 72 96 129 89 37 36 35 35 35 35 
59 60 64 97 101 121 146 135 76 147 206 195 153 82 112 148 135 140 121 89 114 143 149 143 130 119 118 122 122 122 126 132 136 140 151 167 178 178 167 144 118 119 131 139 136 135 134 144 142 99 75 154 183 182 90 87 135 115 57 38 35 35 35 35 
59 65 80 96 105 123 153 148 83 129 207 191 153 84 110 144 139 146 152 142 118 97 97 114 147 158 149 142 139 142 148 156 166 174 180 183 179 170 150 135 134 127 140 142 140 137 136 149 148 90 83 172 198 178 111 78 131 132 104 79 45 36 35 36 
72 93 111 123 130 133 154 153 93 123 193 182 161 80 105 145 140 149 155 158 160 163 164 169 180 191 192 189 184 180 179 178 177 178 182 184 177 163 156 153 140 134 142 139 140 141 140 150 138 83 125 198 179 173 150 75 122 143 124 116 91 54 36 35 
