0
0
0
0
0
0
0
0
0
0
0
0
0
0
0
0
0
0
0
0
0
0
0
0
0
0
65
391
515
501
1144
706
619
682
985
1244
930
627
912
426
211
392
0
377
346
353
317
303
327
249
0
289
338
376
368
0
421
418
0
555
926
0
2000
0
1435
4524
0
4323
0
2434
1731
0
830
0
418
0
441
0
396
0
449
389
0
370
0
389
0
328
0
344
0
273
0
271
0
263
0
212
0
115
0
0
219
0
264
0
250
0
238
0
237
0
268
0
306
0
0
296
0
323
0
301
0
344
0
387
0
422
0
446
0
0
460
0
527
0
519
0
522
0
278
0
516
0
515
0
558
0
0
598
0
495
0
540
0
572
0
583
0
566
0
628
0
703
0
714
0
737
0
788
0
831
0
794
0
708
773
0
361
0
709
0
689
0
748
742
0
811
0
753
724
0
606
0
546
503
0
469
379
0
322
218
0
145
84
66
0
29
64
33
28
14
4
0
4
5
3
1
1
1
0
0
0
0
0
0
0
0
0
0
0
0
0
0
0
0
0
0
0
0
0
0
0
0
0
0
0
0
0
0
0
0
0
0
0
0
